 -0.05065918
 -0.089336395
 -0.040878296
 0.034687042
 0.042247772
 -0.03730774
 -0.051509857
 -0.014560699
 0.020587921
 0.016368866
 -0.0015602112
 0.026821136
 0.024291992
 0.017402649
 0.029819489
 2.975464E-4
 -0.025562286
 -0.018882751
 -0.0028762817
 0.008487701
 0.024936676
 -0.002456665
 -0.022224426
 0.021446228
 0.020133972
 -0.013938904
 -0.0207901
 -6.637573E-4
 0.010845184
 -0.008991241
 0.0033836365
 0.009082794
 -0.022068024
 -0.04135132
 0.016159058
 0.056575775
 0.012065887
 -0.023544312
 -0.022388458
 -0.003479004
 0.024570465
 -0.0040779114
 0.008701324
 0.0024757385
 -0.031970978
 0.0038108826
 0.018806458
 0.023460388
 0.0062675476
 0.0038719177
 -0.02072525
 -0.0037231445
 0.016849518
 -0.017410278
 -0.03143692
 0.012794495
 0.020336151
 0.008255005
 -0.0026664734
 -0.018707275
 -0.041023254
 0.025154114
 -0.0060424805
 0.027301788
 0.016395569
 0.021759033
 -0.052890778
 -0.054309845
 -0.0061836243
 0.08003616
 0.060611725
 -0.051891327
 -0.06430054
 -0.026790619
 0.0037078857
 -0.057811737
 -0.105358124
 -0.06429291
 -0.09695816
 -0.21780014
 -0.20444107
 0.1159668
 0.1198082
 -0.024600983
 -0.30234146
 -0.09487152
 0.5780945
 0.2047348
 0.11361694
 0.46312332
 0.601738
 0.11668396
 -0.15737915
 -0.10697937
 -0.1041069
 -0.23115921
 -0.13092041
 0.04550171
 0.030677795
 0.009841919
 -0.043373108
 -0.152565
 -0.145504
 0.042957306
 0.19175339
 0.08230209
 -0.0297966
 -0.09044647
 -0.04875183
 0.121212006
 0.109767914
 -0.05350876
 -0.13573456
 0.11803055
 0.24621964
 -0.086631775
 -0.12133789
 -0.058425903
 -0.054656982
 -0.052490234
 0.13490295
 0.4709854
 0.05644226
 -0.34866714
 -0.4337387
 -0.3577652
 -0.07064438
 0.14269257
 0.23794174
 0.20463943
 -0.06910324
 -0.24108887
 -0.1031189
 0.039730072
 0.11620712
 0.12199783
 -0.037384033
 -0.073963165
 -0.020118713
 -0.009876251
 -0.0016288757
 0.00925827
 0.0047073364
 0.008861542
 -0.058429718
 0.0599823
 0.0043411255
 -0.2972107
 0.21807861
 0.14141083
 -0.057613373
 -0.0184021
 0.12472153
 -0.0021858215
 0.24897766
 2.7756348
ange : 2.7756348
 1.6620522
 0.05583191
 0.0
 -0.0033912659
 -2.279335
ange : -2.279335
 -5.5339775
ange : -5.5339775
 -1.9331474
 0.0
 0.015724182
 0.28504944
 0.124607086
 0.33481598
 0.91399
 0.7980614
 0.05618286
 0.1581192
 0.936203
 1.3413391
 1.3676376
 1.1022263
 0.56163025
 -0.39215088
 -0.9665375
 -1.0465088
 -0.5335274
 0.08865738
 0.21845627
 -0.06611633
 -0.3684845
 -0.42069244
 -0.7701683
 -1.4354706
 -1.6619568
 -0.6410866
 0.0
 0.50738525
 2.5481415
ange : 2.5481415
 4.0976486
ange : 4.0976486
 2.298195
ange : 2.298195
 0.298481
 0.0
 -0.3981552
 -1.072792
 -0.8953781
 -0.14488602
 0.19037628
 -0.07413483
 -0.39419937
 -0.44739532
 -0.5339966
 -0.73140717
 -0.8646927
 -0.7849655
 -0.38588333
 0.06431198
 0.35094833
 0.36730957
 0.15766907
 -0.025291443
 0.09193039
 0.21669006
 0.08927536
 0.07381821
 0.2551689
 0.53328323
 1.0130501
 1.7771378
 1.2938576
 0.27835083
 0.0
 -1.4402809
 -2.043789
ange : -2.043789
 -2.5378342
ange : -2.5378342
 -2.4736176
ange : -2.4736176
 -1.1044922
 -0.1498375
 0.0
 0.0
 0.462883
 0.24206543
 0.7946243
 1.2987442
 1.1962624
 1.1300812
 0.93624115
 0.7318497
 0.53173447
 0.18494034
 -0.23626328
 -0.50899124
 -0.3560562
 -0.23409653
 -0.28432465
 -0.2551422
 -0.21374512
 -0.1317749
 -0.47406387
 -0.7618637
 -1.1629524
 -1.8964539
 -0.9936981
 0.0
 0.1387062
 1.4932938
 3.3163452
ange : 3.3163452
 2.179718
ange : 2.179718
 2.0204964
ange : 2.0204964
 0.59352493
 -0.18869781
 -0.7320938
 -0.20253754
 0.1919136
 -0.13828659
 -0.6889801
 -0.5364685
 -0.46489334
 -1.412487
 -2.3191643
ange : -2.3191643
 -2.357727
ange : -2.357727
 -0.70184326
 0.9206276
 1.6151161
 1.4386177
 0.58826447
 0.03160858
 -0.014415741
 0.06567001
 0.157547
 0.1842804
 0.35501862
 0.90376663
 1.9780731
 1.334858
 0.0
 -0.73433304
 -2.1185493
ange : -2.1185493
 -2.5852737
ange : -2.5852737
 -1.954586
 -0.87125397
 -0.6371689
 -0.6583786
 -0.19030762
 0.0
 0.0
 0.31661224
 0.8452492
 1.0508118
 0.8793602
 0.6850662
 0.80940247
 1.1015587
 1.355156
 1.5682297
 0.9463959
 -0.41872406
 -1.3331146
 -1.5364151
 -1.1104698
 -0.60495377
 -0.43842316
 -0.5096283
 -0.6406746
 -0.68479156
 -0.5000801
 -0.43426132
 -0.04660034
 0.306015
 0.5282898
 0.09823227
 0.6694069
 1.516613
 1.094204
 0.65278625
 0.95739746
 0.8659897
 0.26250076
 0.012798309
 0.31487656
 0.46722794
 0.5541916
 -0.044548035
 -0.73441315
 -0.66334915
 -0.23446655
 -0.77602386
 -2.9371262
ange : -2.9371262
 -3.243847
ange : -3.243847
 -0.9664612
 0.0
 0.18938446
 2.0494652
ange : 2.0494652
 1.9799538
 1.3344154
 0.69018173
 0.41271973
 0.53033066
 0.48653793
 0.33243942
 0.31214142
 0.15454483
 -0.44110107
 -1.7735558
 -3.0428238
ange : -3.0428238
 -2.3614311
ange : -2.3614311
 -0.8532028
 0.0
 0.08463669
 0.25391388
 0.11917114
 0.25597382
 0.6909485
 0.61468124
 0.15924454
 0.50616455
 1.5897369
 2.2233238
ange : 2.2233238
 1.9235306
 0.8816757
 -0.4302063
 -0.9338646
 -0.80189514
 -0.5890198
 -0.43320465
 -0.53793716
 -0.9587631
 -1.472683
 -1.6136513
 -1.1521759
 -0.37960052
 0.2590561
 1.2712059
 2.154583
ange : 2.154583
 1.6747932
 1.4990692
 1.5055313
 0.44524765
 -0.11262894
 0.41937637
 0.5014038
 0.13221359
 0.0
 -0.19883728
 -1.2216988
 -2.3825798
ange : -2.3825798
 -3.15773
ange : -3.15773
 -2.2780876
ange : -2.2780876
 -0.51091766
 1.2558823
 1.5008926
 0.5573616
 0.05863571
 0.33854675
 0.7324257
 0.4704361
 -0.1594696
 -0.15175247
 0.06757736
 0.107429504
 0.07777023
 0.067035675
 -0.04007721
 0.033592224
 -0.006454468
 0.04509735
 0.05330658
 -0.042057037
 0.048030853
 -0.14574432
 -0.042770386
 -0.007904053
 -0.09215546
 0.10006714
 0.05897522
 -0.032928467
 0.06874466
 -0.06162262
 -0.10372162
 0.087314606
 0.030956268
 0.06324768
 -0.040828705
 0.02311325
 0.10895157

